100 486
1 14 41
1 29 33
1 30 33
1 33 1
1 44 55
1 46 59
1 55 60
1 63 39
1 66 2
1 68 46
1 70 12
1 86 45
1 88 63
1 92 63
1 95 27
1 96 57
1 100 25
2 3 58
2 5 16
2 6 59
2 15 39
2 24 63
2 27 55
2 46 47
2 57 55
2 67 11
2 86 57
2 88 47
3 21 58
3 22 59
3 29 30
3 32 28
3 38 14
3 59 24
3 66 6
3 79 34
3 83 37
3 94 21
4 20 36
4 30 29
4 38 50
4 41 6
4 84 41
5 44 1
5 48 60
5 89 62
5 96 14
6 8 35
6 16 46
6 17 39
6 27 63
6 57 23
6 62 6
6 70 33
6 74 30
6 80 55
6 87 64
6 92 50
7 10 56
7 25 25
7 55 56
7 61 1
7 71 14
7 74 1
7 81 41
7 94 45
7 100 10
8 17 54
8 27 10
8 29 22
8 39 7
8 49 50
8 54 4
8 55 28
8 78 54
8 86 31
8 94 31
9 33 32
9 41 48
9 43 31
9 92 50
10 37 64
10 90 15
11 21 52
11 29 9
11 39 36
11 49 22
11 74 44
11 79 49
12 20 9
12 35 28
12 37 26
12 40 44
12 83 36
12 84 48
12 86 2
12 92 35
12 100 51
13 23 22
13 28 2
13 48 41
13 68 33
13 75 18
14 23 37
14 47 12
14 48 55
14 50 27
14 57 46
14 64 32
14 75 5
14 79 17
14 80 47
14 95 6
15 23 22
15 29 63
15 43 21
15 59 41
15 79 31
15 87 10
16 21 21
16 37 2
16 48 1
16 52 36
16 68 27
16 71 62
16 75 16
16 76 5
16 77 37
16 81 4
16 82 14
16 85 40
17 23 26
17 24 27
17 39 25
17 52 63
17 53 30
17 56 36
17 57 11
17 64 49
17 75 36
17 99 16
18 33 17
18 51 32
18 53 17
18 54 8
18 60 21
18 67 6
18 71 24
18 76 26
18 82 44
18 91 26
18 95 43
18 99 61
19 24 28
19 31 47
19 42 1
19 44 12
19 47 7
19 71 48
19 74 39
19 87 51
20 21 41
20 39 14
20 55 11
20 73 5
20 77 16
20 78 22
20 81 40
20 83 17
20 87 59
21 37 40
21 94 42
22 47 48
22 49 41
22 66 14
22 82 12
22 93 57
22 96 13
23 28 17
23 30 46
23 36 55
23 40 53
23 58 6
23 82 55
23 85 2
23 92 53
24 35 21
24 41 36
24 42 48
24 59 8
24 95 44
25 33 47
25 47 41
25 77 39
25 79 35
26 47 51
26 56 3
26 58 3
26 60 55
26 61 32
26 69 33
26 98 60
27 38 45
27 57 32
27 63 25
27 64 62
27 88 3
27 90 32
28 32 6
28 39 36
28 44 32
28 48 15
28 72 28
28 73 9
29 31 14
29 35 29
29 37 33
29 38 17
29 48 55
29 50 8
29 60 45
29 64 7
29 96 64
30 32 56
30 37 28
30 43 11
30 62 38
30 71 54
30 73 21
30 93 43
30 99 51
31 35 46
31 37 14
31 43 41
31 45 42
31 49 47
31 54 42
31 78 34
31 79 5
31 87 8
32 37 64
32 57 56
32 61 30
32 69 16
32 85 33
33 56 32
33 61 32
33 68 22
33 72 11
33 92 11
33 93 52
33 97 3
33 100 44
34 36 13
34 45 40
34 49 35
34 57 23
34 60 17
34 62 5
34 64 63
34 83 37
34 100 34
35 40 49
35 50 12
35 54 8
35 64 8
35 77 38
35 88 14
36 48 23
36 52 38
36 55 59
36 57 2
36 72 4
36 88 47
36 89 11
37 38 49
37 40 1
37 49 44
37 55 12
37 60 17
37 79 22
37 85 7
37 95 14
37 96 31
38 44 50
38 52 16
38 56 24
38 61 30
38 64 28
38 69 58
38 73 12
38 74 9
38 77 32
38 89 11
38 91 64
38 94 55
38 100 5
39 58 42
39 79 3
39 87 27
40 57 23
40 60 32
40 80 18
40 81 61
40 87 17
40 91 27
41 55 24
41 62 27
41 70 7
41 81 59
41 89 54
41 92 4
41 96 13
42 47 54
42 52 56
42 63 64
42 74 62
42 96 47
42 98 4
43 53 53
43 74 35
43 76 5
43 77 33
43 86 39
43 96 21
44 45 36
44 67 25
44 80 35
44 90 45
44 95 33
45 49 50
45 60 55
45 72 23
45 81 6
45 84 23
45 85 19
45 88 42
45 97 50
46 56 38
46 59 45
46 67 24
46 71 29
46 80 40
46 91 56
47 55 34
47 60 14
47 61 8
47 85 29
47 92 39
47 95 14
47 97 9
47 100 29
48 64 9
48 78 25
48 92 48
49 56 22
49 59 7
49 61 4
49 65 1
49 70 48
49 98 13
50 61 60
50 66 20
50 75 8
50 82 59
50 83 2
50 92 23
51 59 5
51 80 9
51 82 9
51 83 38
52 55 30
52 94 64
52 99 26
53 57 45
53 64 31
53 65 9
53 79 45
53 88 60
53 97 61
54 63 24
54 65 33
54 69 29
54 77 27
55 65 11
55 87 4
55 92 60
56 79 51
56 84 40
56 89 12
56 92 39
56 93 12
56 97 56
57 69 21
57 76 48
57 87 25
57 96 56
58 59 58
58 66 32
58 73 42
58 74 27
58 75 10
58 77 57
58 78 2
58 85 44
58 87 17
59 72 64
59 75 28
59 78 18
59 84 45
59 92 35
59 96 23
60 68 39
60 69 48
60 98 15
61 82 45
61 83 31
62 66 40
62 96 32
63 64 19
63 97 37
63 99 46
64 70 20
64 74 4
64 75 48
64 84 23
64 96 60
65 67 16
65 75 61
65 94 40
66 69 32
66 82 19
66 87 20
66 97 38
67 68 14
67 71 18
67 73 49
67 82 7
67 88 10
68 76 47
68 88 8
68 90 16
68 93 7
70 81 31
70 96 49
71 75 28
71 89 63
71 90 51
71 97 54
72 74 5
72 93 61
72 99 10
73 80 7
73 90 54
73 91 58
74 77 24
74 88 49
74 95 48
75 77 54
75 90 49
75 100 52
76 86 54
76 91 21
77 93 38
77 96 56
77 98 34
78 91 58
80 81 42
80 91 30
80 95 9
81 93 39
82 92 61
82 97 29
83 90 50
85 87 59
86 90 50
86 99 22
87 97 29
90 92 5
90 99 7
93 96 51
94 98 46
94 99 37
95 98 43
95 99 60
97 98 59
